[[740, 396, 157, 157]]
[[739, 398, 151, 151]]
[[730, 389, 174, 174]]
[[728, 389, 174, 174]]
[]
[]
[]
[]
[]
[]
[]
[]
[]
[[742, 396, 151, 151]]
[[742, 397, 151, 151]]
[]
[]
[]
[]
[]
[]
[]
[]
[]
[]
[]
[]
[]
[]
[]
[]
[]
[]
[[711, 383, 168, 168]]
[[705, 378, 171, 171]]
[[706, 382, 154, 154]]
[]
[]
[]
[[672, 374, 166, 166]]
[]
[[672, 377, 158, 158]]
[[668, 373, 164, 164]]
[]
[[662, 366, 181, 181]]
[[666, 370, 179, 179]]
[[677, 376, 164, 164]]
[[681, 376, 166, 166]]
[[676, 372, 177, 177]]
[[676, 372, 174, 174]]
[[683, 375, 167, 167]]
[[682, 377, 164, 164]]
[[686, 380, 158, 158]]
[[683, 377, 164, 164]]
[[685, 378, 161, 161]]
[[678, 374, 166, 166]]
[[680, 378, 165, 165]]
[[672, 372, 174, 174]]
[[682, 377, 160, 160]]
[[669, 369, 177, 177]]
[[672, 372, 174, 174]]
[[669, 369, 177, 177]]
[[671, 372, 174, 174]]
[[675, 373, 170, 170]]
[[677, 373, 166, 166]]
[[676, 373, 167, 167]]
[[678, 374, 166, 166]]
[[680, 378, 163, 163]]
[]
[[680, 376, 164, 164]]
[[683, 379, 157, 157]]
[[683, 379, 157, 157]]
[[682, 377, 161, 161]]
[[683, 377, 159, 159]]
[[688, 380, 152, 152]]
[[687, 380, 156, 156]]
[[680, 376, 164, 164]]
[[688, 381, 153, 153]]
[[681, 379, 162, 162]]
[[680, 378, 162, 162]]
[[682, 378, 161, 161]]
[[673, 371, 174, 174]]
[[680, 374, 163, 163]]
[[676, 374, 165, 165]]
[]
[]
[]
[[663, 370, 158, 158]]
[[655, 364, 172, 172]]
[[652, 365, 164, 164]]
[]
[]
[]
[[604, 336, 218, 218]]
[[612, 347, 195, 195]]
[[614, 347, 190, 190]]
[]
[[608, 341, 193, 193]]
[]
[]
[]
[]
[]
[]
[]
[]
[]
[]
[]
[]
[]
[]
[]
[]
[]
[]
[]
[]
[]
[]
[]
[]
[]
[]
[]
[]
[]
[]
[]
[]
[]
[]
[]
[]
[]
[]
[]
[]
[]
[]
[]
[]
[]
[]
[]
[]
[]
[]
[]
[]
[]
[]
[]
[]
[]
[]
[]
[]
[]
[]
[]
[]
[]
[]
[]
[]
[]
[]
[]
[]
[]
[]
[]
[]
[]
[]
[]
[]
[]
[]
[]
[]
[]
[]
[]
[]
[]
[]
[]
[]
[]
[]
[]
[]
[]
[]
[]
[]
[]
[]
[]
[]
[]
[]
[]
[]
[]
[]
[]
[]
[]
[]
[]
[]
[]
[]
[]
[]
[]
[]
[]
[]
[]
[]
[]
[]
[]
[]
[]
[]
[]
[]
[]
[]
[]
[]
[]
[]
[]
[]
[]
[]
[]
[]
[]
[]
[]
[]
[]
[]
[]
[]
[]
[]
[]
[]
[]
[]
[]
[]
[]
[]
[]
[]
[]
[]
[]
[]
[]
[]
[]
[]
[]
[]
[]
[]
[]
[]
[]
[]
[]
[]
[]
[]
[]
[]
[]
[[705, 391, 120, 120]]
[[683, 376, 139, 139]]
[[671, 370, 153, 153]]
[[646, 362, 170, 170]]
[[634, 361, 175, 175]]
[[623, 358, 178, 178]]
[[615, 357, 177, 177]]
[[606, 356, 176, 176]]
[[600, 352, 188, 188]]
[[598, 354, 182, 182]]
[[603, 355, 181, 181]]
[[597, 351, 190, 190]]
[[610, 352, 180, 180]]
[[624, 355, 174, 174]]
[[621, 345, 188, 188]]
[[639, 354, 174, 174]]
[[642, 351, 175, 175]]
[[641, 351, 185, 185]]
[[647, 355, 175, 175]]
[[648, 356, 174, 174]]
[[646, 355, 179, 179]]
[[632, 351, 189, 189]]
[[630, 347, 193, 193]]
[[626, 347, 195, 195]]
[[627, 352, 185, 185]]
[[619, 347, 195, 195]]
[[617, 347, 203, 203]]
[[630, 352, 181, 181]]
[[638, 354, 178, 178]]
[[633, 350, 186, 186]]
[[636, 350, 186, 186]]
[[647, 355, 176, 176]]
[[644, 350, 188, 188]]
[]
[]
[[660, 353, 179, 179]]
[[667, 356, 174, 174]]
[[667, 352, 179, 179]]
[[670, 357, 176, 176]]
[[672, 356, 176, 176]]
[[679, 362, 167, 167]]
[]
[[681, 363, 168, 168]]
[[676, 357, 181, 181]]
[]
[[688, 364, 164, 164]]
[]
[]
[[685, 364, 168, 168]]
[[691, 368, 159, 159]]
[[694, 367, 158, 158]]
[[688, 364, 164, 164]]
[[695, 369, 153, 153]]
[[694, 368, 157, 157]]
[[691, 369, 157, 157]]
[[689, 367, 159, 159]]
[[687, 366, 156, 156]]
[[677, 364, 162, 162]]
[[659, 354, 177, 177]]
[[656, 354, 179, 179]]
[[650, 353, 182, 182]]
[[652, 357, 173, 173]]
[[656, 362, 162, 162]]
[[657, 360, 166, 166]]
[[653, 357, 171, 171]]
[[652, 356, 174, 174]]
[[662, 362, 162, 162]]
[[661, 361, 162, 162]]
[[661, 360, 167, 167]]
[[660, 355, 172, 172]]
[[664, 357, 167, 167]]
[[668, 361, 162, 162]]
[[668, 362, 163, 163]]
[[661, 355, 172, 172]]
[[656, 353, 179, 179]]
[[664, 358, 172, 172]]
[[663, 360, 167, 167]]
[[660, 355, 176, 176]]
[]
[]
[]
[[665, 357, 175, 175]]
[[662, 355, 179, 179]]
[[663, 356, 176, 176]]
[[665, 357, 174, 174]]
[[667, 356, 174, 174]]
[[666, 357, 176, 176]]
[[669, 359, 174, 174]]
[[663, 357, 179, 179]]
[[663, 354, 183, 183]]
[[667, 354, 180, 180]]
[]
[[659, 352, 185, 185]]
[[653, 354, 181, 181]]
[]
[]
[]
[]
[]
[]
[]
[]
[]
[]
[]
[]
[]
[]
[]
[]
[]
[]
[]
[]
[]
[]
[]
[]
[]
[]
[]
[]
[]
[]
[]
[]
[]
[]
[]
[]
[]
[]
[]
[]
[]
[]
[]
[]
[]
[]
[]
[]
[]
[]
[]
[]
[]
[]
[]
[]
[]
[]
[]
[]
[]
[]
[]
[]
[]
[]
[]
[]
[]
[]
[]
[]
[]
[]
[]
[]
[]
[]
[]
[]
[]
[]
[]
[[654, 331, 199, 199]]
[[676, 342, 182, 182]]
[[700, 357, 149, 149]]
[[690, 348, 169, 169]]
[]
[]
[[693, 342, 179, 179]]
[[692, 343, 183, 183]]
[[709, 351, 159, 159]]
[]
[[719, 354, 159, 159]]
[[705, 341, 188, 188]]
[[718, 354, 162, 162]]
[[718, 350, 168, 168]]
[[710, 344, 179, 179]]
[[711, 347, 177, 177]]
[[713, 351, 172, 172]]
[[716, 352, 168, 168]]
[[719, 352, 166, 166]]
[[714, 350, 169, 169]]
[[719, 353, 165, 165]]
[[719, 352, 165, 165]]
[[720, 354, 162, 162]]
[[722, 356, 158, 158]]
[[715, 350, 170, 170]]
[[718, 352, 167, 167]]
[[714, 351, 170, 170]]
[]
[[726, 357, 161, 161]]
[[724, 359, 164, 164]]
[[722, 362, 165, 165]]
[[733, 369, 158, 158]]
[[737, 376, 157, 157]]
[]
[]
[]
[]
[]
[[721, 369, 190, 190]]
[[726, 375, 166, 166]]
[[726, 374, 158, 158]]
[[724, 370, 159, 159]]
[[721, 373, 153, 153]]
[[718, 374, 153, 153]]
[[707, 367, 167, 167]]
[[700, 361, 177, 177]]
[[713, 367, 154, 154]]
[[711, 366, 158, 158]]
[[717, 370, 145, 145]]
[[705, 365, 160, 160]]
[[704, 366, 159, 159]]
[[698, 363, 162, 162]]
[[696, 360, 166, 166]]
[[693, 359, 165, 165]]
[[690, 359, 162, 162]]
[[686, 357, 168, 168]]
[[683, 354, 171, 171]]
[[689, 357, 164, 164]]
[[687, 359, 157, 157]]
[[688, 358, 158, 158]]
[[682, 353, 167, 167]]
[[678, 352, 168, 168]]
[[679, 351, 171, 171]]
[[681, 355, 164, 164]]
[[676, 357, 164, 164]]
[[672, 352, 168, 168]]
[[662, 349, 181, 181]]
[[659, 353, 174, 174]]
[[644, 340, 196, 196]]
[[634, 336, 206, 206]]
[[623, 331, 207, 207]]
[[616, 334, 210, 210]]
[[614, 339, 203, 203]]
[[601, 332, 214, 214]]
[[602, 330, 214, 214]]
[[606, 339, 200, 200]]
[[599, 336, 210, 210]]
[[604, 343, 199, 199]]
[[607, 344, 192, 192]]
[[600, 340, 203, 203]]
[[606, 342, 202, 202]]
[[616, 345, 197, 197]]
[[634, 347, 190, 190]]
[[639, 345, 188, 188]]
[[654, 354, 169, 169]]
[[668, 359, 157, 157]]
[[661, 351, 177, 177]]
[[677, 357, 160, 160]]
[[681, 358, 159, 159]]
[[682, 359, 160, 160]]
[[675, 354, 174, 174]]
[[686, 358, 162, 162]]
[]
[[694, 363, 159, 159]]
[[690, 360, 165, 165]]
[]
[]
[]
[]
[]
[]
[[685, 357, 174, 174]]
[[692, 363, 165, 165]]
[]
[[700, 368, 147, 147]]
[[687, 360, 161, 161]]
[[681, 360, 165, 165]]
[[673, 356, 171, 171]]
[[660, 350, 183, 183]]
[[648, 347, 189, 189]]
[[651, 352, 176, 176]]
[[639, 348, 187, 187]]
[[643, 348, 184, 184]]
[[647, 352, 174, 174]]
[[646, 346, 185, 185]]
[[653, 351, 177, 177]]
[[661, 352, 174, 174]]
[[661, 353, 174, 174]]
[[670, 357, 164, 164]]
[[670, 353, 167, 167]]
[[677, 360, 165, 165]]
[[668, 352, 183, 183]]
[[671, 355, 174, 174]]
[[674, 355, 174, 174]]
[[682, 359, 164, 164]]
[[683, 360, 162, 162]]
[[680, 358, 168, 168]]
[[685, 361, 162, 162]]
[[683, 361, 162, 162]]
[]
[]
[]
[[678, 359, 164, 164]]
[[679, 356, 164, 164]]
[]
[]
[[676, 356, 174, 174]]
[[682, 359, 166, 166]]
[[681, 357, 166, 166]]
[[681, 358, 166, 166]]
[[681, 359, 165, 165]]
[[684, 361, 160, 160]]
[[676, 359, 168, 168]]
[[674, 358, 168, 168]]
[[674, 360, 163, 163]]
[[668, 360, 168, 168]]
[[666, 356, 174, 174]]
[[667, 357, 172, 172]]
[[668, 358, 166, 166]]
[[661, 352, 181, 181]]
[[666, 361, 168, 168]]
[[666, 359, 168, 168]]
[[662, 356, 179, 179]]
[[672, 357, 171, 171]]
[[673, 356, 168, 168]]
[[670, 354, 176, 176]]
[[676, 359, 168, 168]]
[[674, 359, 172, 172]]
[[674, 359, 172, 172]]
[[676, 358, 168, 168]]
[[674, 359, 169, 169]]
[[678, 360, 162, 162]]
[[678, 360, 161, 161]]
[[680, 359, 161, 161]]
[[676, 356, 165, 165]]
[[677, 356, 160, 160]]
[[675, 356, 168, 168]]
[[674, 355, 166, 166]]
[[668, 354, 179, 179]]
[[674, 358, 166, 166]]
[[675, 359, 166, 166]]
[[676, 359, 164, 164]]
[[678, 361, 163, 163]]
[[678, 358, 161, 161]]
[[677, 358, 164, 164]]
[[674, 361, 176, 176]]
[[683, 367, 167, 167]]
[]
[]
[]
[]
[]
[]
[]
[]
[[688, 380, 174, 174]]
[[683, 378, 176, 176]]
[[676, 377, 174, 174]]
[[665, 366, 190, 190]]
[[664, 372, 179, 179]]
[[667, 375, 168, 168]]
[[660, 372, 179, 179]]
[[659, 372, 172, 172]]
[[630, 354, 203, 203]]
[]
[]
[]
[]
[]
[]
[]
[]
[]
[]
[]
[]
[]
[]
[]
[]
[]
[]
[]
[]
[]
[]
[]
[]
[]
[]
[]
[]
[]
[]
[]
[]
[]
[]
[]
[]
[]
[]
[]
[]
[]
[]
[]
[]
[]
[]
[]
[]
[]
[]
[]
[]
[]
[]
[]
[]
[]
[]
[]
[]
[]
[]
[]
[]
[]
[]
[]
[]
[]
[]
[[609, 347, 188, 188]]
[[596, 333, 218, 218]]
[[604, 339, 206, 206]]
[[610, 344, 196, 196]]
[[619, 349, 179, 179]]
[[609, 343, 192, 192]]
[[602, 341, 194, 194]]
[[599, 341, 187, 187]]
[[592, 342, 191, 191]]
[[589, 341, 191, 191]]
[[584, 341, 196, 196]]
[[580, 340, 199, 199]]
[[581, 342, 194, 194]]
[[579, 338, 199, 199]]
[[578, 339, 200, 200]]
[[583, 345, 187, 187]]
[[583, 342, 193, 193]]
[[579, 337, 206, 206]]
[[583, 340, 199, 199]]
[[583, 342, 198, 198]]
[[581, 338, 203, 203]]
[[578, 338, 206, 206]]
[[587, 342, 193, 193]]
[[587, 341, 191, 191]]
[[592, 343, 192, 192]]
[[607, 350, 176, 176]]
[[609, 354, 171, 171]]
[[615, 357, 167, 167]]
[[617, 353, 170, 170]]
[[621, 356, 169, 169]]
[[621, 352, 183, 183]]
[[625, 350, 183, 183]]
[[628, 355, 176, 176]]
[[629, 354, 181, 181]]
[[625, 352, 190, 190]]
[[630, 356, 178, 178]]
[[629, 355, 183, 183]]
[[625, 353, 182, 182]]
[[623, 349, 188, 188]]
[[629, 357, 177, 177]]
[[624, 355, 182, 182]]
[[628, 360, 175, 175]]
[[626, 357, 176, 176]]
[[618, 355, 187, 187]]
[[607, 348, 199, 199]]
[[615, 355, 182, 182]]
[[616, 359, 174, 174]]
[[607, 355, 184, 184]]
[[605, 357, 180, 180]]
[[592, 352, 191, 191]]
[[589, 355, 184, 184]]
[[582, 353, 186, 186]]
[[575, 357, 180, 180]]
[[555, 350, 202, 202]]
[[534, 353, 206, 206]]
[[519, 364, 197, 197]]
[[513, 371, 189, 189]]
[[499, 387, 176, 176]]
[[480, 400, 183, 183]]
[[476, 408, 181, 181]]
[[470, 432, 173, 173]]
[[466, 454, 170, 170]]
[[473, 466, 156, 156]]
[[468, 475, 158, 158]]
[[476, 479, 153, 153]]
[[485, 484, 139, 139]]
[[493, 482, 139, 139]]
[[502, 482, 144, 144]]
[[504, 477, 149, 149]]
[[509, 478, 150, 150]]
[[508, 476, 158, 158]]
[[511, 477, 157, 157]]
[[506, 475, 171, 171]]
[[511, 478, 168, 168]]
[[509, 478, 167, 167]]
[[520, 480, 163, 163]]
[[520, 479, 169, 169]]
[[525, 483, 164, 164]]
[[528, 483, 164, 164]]
[[531, 482, 164, 164]]
[[530, 484, 165, 165]]
[[529, 480, 170, 170]]
[[526, 481, 174, 174]]
[[531, 480, 167, 167]]
[[522, 479, 171, 171]]
[[522, 480, 170, 170]]
[[525, 482, 167, 167]]
[[521, 484, 163, 163]]
[[508, 479, 175, 175]]
[[512, 486, 166, 166]]
[[504, 483, 170, 170]]
[[506, 487, 158, 158]]
[[500, 482, 169, 169]]
[[494, 482, 171, 171]]
[[489, 483, 171, 171]]
[[487, 482, 172, 172]]
[[483, 479, 176, 176]]
[[480, 486, 169, 169]]
[[487, 491, 156, 156]]
[]
[]
[]
[]
[]
[]
[]
[]
[]
[]
[]
[]
[[481, 477, 166, 166]]
[[501, 490, 136, 136]]
[[498, 485, 144, 144]]
[[495, 480, 153, 153]]
[[498, 480, 156, 156]]
[[499, 476, 161, 161]]
[[508, 481, 154, 154]]
[[514, 479, 157, 157]]
[[518, 478, 158, 158]]
[[532, 478, 155, 155]]
[[545, 480, 151, 151]]
[[554, 484, 144, 144]]
[[567, 484, 146, 146]]
[[583, 486, 143, 143]]
[[586, 485, 147, 147]]
[[599, 486, 144, 144]]
[[604, 485, 143, 143]]
[[604, 484, 147, 147]]
[[605, 480, 149, 149]]
[[602, 480, 156, 156]]
[[605, 482, 151, 151]]
[[609, 486, 138, 138]]
[[602, 484, 145, 145]]
[[608, 488, 136, 136]]
[[602, 486, 140, 140]]
[[594, 486, 146, 146]]
[[592, 484, 148, 148]]
[[590, 488, 139, 139]]
[[571, 483, 157, 157]]
[[571, 486, 151, 151]]
[[564, 487, 141, 141]]
[[560, 489, 135, 135]]
[[545, 486, 148, 148]]
[[534, 486, 146, 146]]
[[521, 484, 150, 150]]
[[518, 486, 144, 144]]
[[506, 484, 147, 147]]
[[498, 488, 140, 140]]
[[491, 487, 139, 139]]
[[466, 478, 160, 160]]
[[469, 487, 135, 135]]
[[462, 485, 139, 139]]
[[451, 483, 140, 140]]
[[436, 479, 148, 148]]
[[437, 478, 146, 146]]
[[426, 474, 150, 150]]
[[421, 475, 147, 147]]
[[415, 472, 155, 155]]
[[417, 474, 147, 147]]
[[414, 472, 150, 150]]
[[414, 473, 150, 150]]
[[412, 472, 156, 156]]
[[425, 478, 142, 142]]
[[423, 476, 147, 147]]
[[433, 481, 140, 140]]
[[436, 481, 139, 139]]
[[436, 479, 144, 144]]
[[439, 479, 144, 144]]
[[443, 481, 144, 144]]
[[452, 486, 138, 138]]
[[461, 489, 135, 135]]
