[]
[]
[]
[]
[]
[]
[]
[]
[]
[]
[]
[]
[]
[]
[]
[]
[]
[]
[]
[]
[]
[]
[]
[]
[]
[[620, 353, 166, 166]]
[[635, 360, 139, 139]]
[]
[[621, 347, 170, 170]]
[[623, 352, 166, 166]]
[[613, 347, 179, 179]]
[[614, 347, 179, 179]]
[[613, 349, 181, 181]]
[[616, 350, 174, 174]]
[[606, 344, 191, 191]]
[[613, 347, 182, 182]]
[[608, 343, 188, 188]]
[[614, 348, 181, 181]]
[[600, 338, 208, 208]]
[]
[[614, 352, 174, 174]]
[[611, 351, 177, 177]]
[]
[]
[]
[]
[[610, 356, 174, 174]]
[]
[]
[]
[]
[[602, 344, 196, 196]]
[]
[[611, 353, 176, 176]]
[[617, 359, 166, 166]]
[[606, 350, 181, 181]]
[]
[]
[]
[]
[]
[[619, 362, 158, 158]]
[[619, 360, 164, 164]]
[[618, 362, 164, 164]]
[[615, 360, 166, 166]]
[[613, 357, 174, 174]]
[[615, 360, 166, 166]]
[[617, 359, 168, 168]]
[[618, 363, 164, 164]]
[]
[[618, 362, 164, 164]]
[[617, 361, 164, 164]]
[[617, 359, 164, 164]]
[]
[]
[]
[]
[]
[]
[]
[]
[[616, 358, 166, 166]]
[]
[]
[]
[]
[]
[]
[]
[[610, 348, 185, 185]]
[[610, 348, 185, 185]]
[[612, 350, 183, 183]]
[[611, 352, 179, 179]]
[[608, 346, 190, 190]]
[[605, 348, 190, 190]]
[[609, 350, 181, 181]]
[[609, 349, 181, 181]]
[[605, 345, 188, 188]]
[[610, 347, 183, 183]]
[]
[]
[]
[[616, 352, 168, 168]]
[]
[[612, 351, 175, 175]]
[[615, 352, 172, 172]]
[[613, 348, 178, 178]]
[[610, 351, 177, 177]]
[[611, 350, 174, 174]]
[[610, 346, 181, 181]]
[[608, 347, 181, 181]]
[[610, 350, 177, 177]]
[]
[]
[]
[]
[]
[]
[]
[]
[[614, 354, 174, 174]]
[[611, 354, 177, 177]]
[]
[]
[]
[]
[[610, 357, 174, 174]]
[[616, 360, 168, 168]]
[]
[]
[]
[[614, 359, 168, 168]]
[]
[]
[]
[]
[]
[]
[]
[[612, 354, 174, 174]]
[]
[[607, 350, 183, 183]]
[]
[[606, 350, 185, 185]]
[[617, 358, 168, 168]]
[]
[]
[]
[]
[]
[]
[]
[]
[]
[]
[]
[]
[]
[]
[]
[]
[]
[]
[]
[[610, 358, 174, 174]]
[[618, 363, 164, 164]]
[[621, 360, 167, 167]]
[[615, 355, 181, 181]]
[[616, 351, 182, 182]]
[[624, 356, 171, 171]]
[[631, 357, 165, 165]]
[[618, 346, 192, 192]]
[[615, 345, 193, 193]]
[[624, 351, 178, 178]]
[[615, 347, 192, 192]]
[[615, 347, 191, 191]]
[[609, 347, 202, 202]]
[[615, 355, 181, 181]]
[[603, 347, 202, 202]]
[[605, 349, 198, 198]]
[[601, 347, 201, 201]]
[[602, 352, 201, 201]]
[[613, 353, 190, 190]]
[[615, 352, 193, 193]]
[[613, 351, 196, 196]]
[[619, 354, 186, 186]]
[[626, 362, 177, 177]]
[[631, 360, 175, 175]]
[[622, 354, 190, 190]]
[[625, 356, 185, 185]]
[[629, 360, 179, 179]]
[[625, 356, 187, 187]]
[[631, 362, 177, 177]]
[[628, 358, 183, 183]]
[[629, 359, 180, 180]]
[[628, 360, 182, 182]]
[[634, 361, 174, 174]]
[[628, 359, 182, 182]]
[[629, 361, 178, 178]]
[[631, 362, 175, 175]]
[[624, 357, 185, 185]]
[[618, 354, 192, 192]]
[[621, 358, 185, 185]]
[[623, 359, 180, 180]]
[[617, 358, 184, 184]]
[[610, 355, 193, 193]]
[[601, 348, 202, 202]]
[[604, 353, 189, 189]]
[[598, 354, 194, 194]]
[[599, 351, 193, 193]]
[[598, 355, 191, 191]]
[[598, 355, 191, 191]]
[[590, 350, 202, 202]]
[[595, 354, 188, 188]]
[[594, 354, 190, 190]]
[[594, 354, 189, 189]]
[[590, 348, 200, 200]]
[[588, 348, 199, 199]]
[[591, 355, 190, 190]]
[[592, 351, 196, 196]]
[[589, 351, 196, 196]]
[[589, 351, 198, 198]]
[[591, 352, 198, 198]]
[[591, 353, 197, 197]]
[[600, 355, 186, 186]]
[[605, 356, 186, 186]]
[[605, 353, 195, 195]]
[[614, 356, 190, 190]]
[[621, 358, 185, 185]]
[[621, 355, 186, 186]]
[[623, 355, 188, 188]]
[[629, 360, 179, 179]]
[[634, 364, 171, 171]]
[[625, 358, 184, 184]]
[[631, 363, 176, 176]]
[[633, 361, 175, 175]]
[[635, 363, 172, 172]]
[[633, 362, 172, 172]]
[[632, 361, 175, 175]]
[[633, 360, 174, 174]]
[[635, 361, 169, 169]]
[[635, 360, 170, 170]]
[[636, 360, 173, 173]]
[[641, 363, 168, 168]]
[[645, 366, 165, 165]]
[[647, 363, 168, 168]]
[[650, 367, 161, 161]]
[[651, 366, 162, 162]]
[[645, 363, 171, 171]]
[[648, 363, 168, 168]]
[[645, 360, 175, 175]]
[[646, 362, 172, 172]]
[[647, 363, 172, 172]]
[[652, 364, 170, 170]]
[[662, 369, 159, 159]]
[[670, 371, 154, 154]]
[[666, 369, 162, 162]]
[[674, 370, 164, 164]]
[[685, 373, 159, 159]]
[]
[]
[]
[]
[]
[]
[]
[]
[]
[]
[]
[]
[]
[]
[]
[]
[]
[]
[]
[]
[]
[]
[]
[]
[]
[]
[]
[]
[]
[[664, 370, 134, 134]]
[]
[]
[]
[]
[]
[]
[[665, 372, 139, 139]]
[[659, 371, 148, 148]]
[[658, 369, 147, 147]]
[[658, 369, 147, 147]]
[]
[[652, 362, 160, 160]]
[[660, 368, 145, 145]]
[[652, 365, 154, 154]]
[[656, 371, 146, 146]]
[[651, 368, 152, 152]]
[[649, 367, 159, 159]]
[[650, 366, 156, 156]]
[[650, 366, 158, 158]]
[[651, 366, 156, 156]]
[[650, 366, 158, 158]]
[[652, 368, 153, 153]]
[[652, 369, 153, 153]]
[[657, 371, 145, 145]]
[[649, 367, 156, 156]]
[[655, 369, 147, 147]]
[[651, 366, 153, 153]]
[[660, 370, 144, 144]]
[[654, 366, 154, 154]]
[[658, 369, 150, 150]]
[[653, 365, 159, 159]]
[[662, 368, 148, 148]]
[[663, 368, 146, 146]]
[[658, 364, 154, 154]]
[[660, 366, 151, 151]]
[[661, 368, 151, 151]]
[[665, 369, 145, 145]]
[[660, 368, 153, 153]]
[[658, 364, 159, 159]]
[[662, 368, 154, 154]]
[]
[[665, 367, 150, 150]]
[]
[[650, 359, 174, 174]]
[[652, 363, 171, 171]]
[[672, 372, 135, 135]]
[[671, 371, 135, 135]]
[]
[]
[]
[[663, 371, 139, 139]]
[[669, 371, 138, 138]]
[]
[]
[]
[[664, 369, 139, 139]]
[[650, 362, 158, 158]]
[]
[]
[]
[]
[[652, 364, 158, 158]]
[]
[]
[]
[]
[]
[]
[]
[]
[]
[]
[]
[]
[]
[]
[]
[]
[]
[]
[]
[]
[]
[]
[]
[]
[[663, 371, 139, 139]]
[]
[]
[]
[]
[]
[]
[]
[]
[]
[]
[]
[]
[]
[]
[]
[]
[]
[]
[]
[]
[]
[]
[]
[]
[]
[]
[]
[]
[]
[]
[]
[]
[]
[]
[]
[]
[]
[]
[]
[]
[]
[]
[]
[]
[]
[]
[]
[]
[]
[]
[]
[]
[]
[]
[]
[]
[]
[]
[]
[]
[]
[]
[]
[]
[]
[]
[]
[[673, 356, 157, 157]]
[[673, 356, 157, 157]]
[[672, 358, 158, 158]]
[[668, 355, 162, 162]]
[[672, 358, 158, 158]]
[]
[]
[[670, 358, 158, 158]]
[]
[]
[]
[]
[]
[]
[]
[]
[]
[]
[]
[]
[]
[]
[]
[]
[]
[]
[]
[]
[]
[]
[]
[]
[]
[]
[]
[]
[]
[]
[]
[]
[]
[]
[]
[]
[]
[]
[]
[]
[]
[]
[]
[]
[]
[]
[]
[]
[]
[]
[]
[]
[]
[]
[]
[]
[]
[]
[]
[]
[]
[]
[]
[]
[]
[]
[]
[]
[]
[]
[]
[]
[]
[]
[]
[]
[]
[]
[]
[]
[]
[]
[]
[]
[]
[]
[]
[]
[]
[]
[]
[]
[]
[]
[]
[]
[]
[]
[]
[]
[]
[]
[]
[]
[]
[]
[]
[]
[]
[]
[]
[]
[]
[]
[]
[]
[]
[]
[]
[]
[]
[]
[]
[]
[]
[]
[]
[]
[]
[]
[]
[]
[]
[]
[]
[]
[]
[]
[]
[]
[]
[]
[]
[]
[]
[]
[]
[]
[]
[]
[]
[]
[]
[]
[]
[]
[]
[]
[]
[]
[]
[]
[]
[]
[]
[]
[]
[]
[]
[]
[]
[]
[]
[]
[]
[]
[]
[]
[]
[]
[]
[]
[]
[]
[]
[]
[]
[]
[]
[]
[]
[]
[]
[]
[]
[]
[]
[]
[]
[]
[]
[]
[]
[]
[]
[]
[]
[]
[]
[]
[]
[]
[]
[]
[]
[]
[]
[]
[]
[]
[]
[]
[]
[]
[]
[]
[]
[]
[]
[]
[]
[]
[]
[]
[]
[]
[]
[]
[]
[]
[]
[]
[]
[]
[]
[]
[]
[]
[]
[]
[]
[]
[]
[]
[]
[]
[]
[]
[]
[]
[]
[]
[]
[]
[]
[]
[]
[]
[]
[]
[]
[]
[]
[]
[]
[]
[]
[]
[]
[]
[]
[]
[]
[]
[]
[]
[]
[]
[]
[]
[]
[]
[]
[]
[]
[]
[]
[]
[]
[]
[]
[]
[]
[]
[]
[]
[]
[]
[]
[]
[]
[]
[]
[]
[]
[]
[]
[]
[]
[]
[]
[]
[]
[]
[]
[]
[]
[]
[]
[]
[]
[]
[]
[]
[]
[]
[]
[]
[]
[]
[]
[]
[]
[]
[]
[]
[]
[]
[]
[]
[]
[]
[]
[]
[]
[]
[]
[]
[]
[]
[]
[]
[]
[]
[]
[]
[]
[]
[]
[]
[]
[]
[]
[]
[]
[]
[]
[]
[]
[]
[]
[]
[]
[]
[]
[]
[[683, 365, 174, 174]]
[]
[]
[]
[]
[]
[]
[]
[]
[]
[]
[]
[]
[]
[]
[]
[]
[]
[]
[]
[]
[]
[]
[]
[]
[]
[]
[]
[]
[]
[]
[]
[]
[]
[]
[]
[]
[]
[]
[]
[]
[]
[]
[]
[]
[]
[]
[]
[]
[]
[]
[]
[[719, 383, 174, 174]]
[]
[]
[]
[]
[]
[]
[[707, 374, 190, 190]]
[[706, 374, 188, 188]]
[[738, 393, 158, 158]]
[[730, 388, 166, 166]]
